1 3,9
2 5,7
3 5,8
4 7,6
5 5,9
6 7,7
7 7,9
8 0,1
9 0,2
10 2,0
11 0,3
12 2,1
13 0,4
14 4,0
15 2,2
16 0,5
17 4,1
18 2,3
19 4,2
20 0,6
21 2,4
22 6,0
23 4,3
24 6,1
25 2,5
26 4,4
27 6,2
28 2,6
29 4,5
30 6,3
31 2,7
32 4,6
33 6,4
34 2,8
35 4,7
36 2,9
37 6,5
38 4,8
39 6,6
40 4,9
41 6,7
42 6,8
43 6,9
44 1,0
45 1,1
46 3,0
47 1,2
48 1,3
49 3,1
50 1,4
51 3,2
52 5,0
53 5,1
54 1,5
55 3,3
56 3,4
57 1,6
58 5,2
59 7,0
60 3,5
61 1,7
62 5,3
63 7,1
64 3,6
65 5,4
66 1,8
67 7,2
68 3,7
69 1,9
70 5,5
71 7,3
72 3,8
73 5,6
74 7,4
