53 60 50 9  
40 46 50 9  
35 51 48 9  
32 49 54 9  
52 64 50 9  
65 1 61 13  
32 56 50 11  
52 56 54 9  
26 36 50 9  
40 49 54 8  
65 68 54 9  
38 56 57 9  
38 46 50 8  
23 46 45 8  
3 14 47 9  
2 26 54 13  
65 1 48 13  
53 60 50 11  
2 72 61 11  
53 72 54 11  
65 56 61 9  
53 68 54 13  
32 64 44 9  
53 55 61 16  
38 56 69 9  
52 46 57 9  
52 56 57 13  
58 60 54 9  
58 56 50 9  
35 51 57 9  
38 49 57 9  
65 56 54 13  
58 17 54 8  
70 19 50 9  
40 49 54 8  
52 51 47 9  
70 60 48 9  
40 49 54 8  
26 46 48 9  
53 56 54 9  
52 60 48 11  
29 18 48 11  
26 51 48 9  
52 60 57 20  
53 72 69 13  
38 46 50 11  
53 72 57 9  
32 51 50 9  
62 68 54 9  
52 55 50 9  
59 51 35 50  
33 51 29 54  
43 49 40 54  
70 18 14 48  
37 34 32 54  
2 34 29 48  
30 55 35 57  
40 21 55 44  
39 36 32 48  
58 31 1 50  
52 10 60 44  
5 46 19 54  
22 15 14 44  
24 36 35 50  
73 36 64 48  
41 49 26 50  
73 46 29 54  
3 31 17 44  
27 15 29 54  
73 25 1 45  
5 51 38 66  
24 34 14 48  
30 25 40 54  
24 34 35 47  
33 36 23 48  
39 46 26 50  
42 34 38 50  
41 46 52 61  
22 36 29 54  
2 28 60 44  
70 21 72 45  
70 21 68 44  
3 31 1 47  
22 31 53 57  
65 46 29 54  
22 56 29 57  
41 49 35 54  
30 18 26 48  
73 46 17 48  
70 25 14 48  
70 28 26 47  
24 46 32 50  
3 28 14 47  
52 18 55 44  
73 31 19 48  
2 46 19 47  
2 36 19 48  
27 36 23 48  
53 25 46 45  
2 34 17 48  
30 55 22 25  
3 31 53 69  
63 46 5 12  
30 36 73 66  
37 46 3 15  
4 46 39 12  
40 25 29 61  
71 36 30 66  
41 25 3 66  
67 64 24 25  
37 51 53 10  
33 31 62 69  
42 46 70 12  
2 25 52 10  
3 34 53 21  
33 51 62 18  
37 46 70 66  
6 72 41 15  
6 28 43 18  
22 15 52 54  
43 51 2 18  
73 34 40 10  
6 34 41 10  
30 31 40 66  
41 55 2 12  
67 51 22 66  
27 34 38 66  
24 46 40 66  
33 34 73 12  
67 46 3 57  
74 34 24 69  
7 72 33 10  
33 34 73 15  
30 34 53 54  
24 28 73 50  
6 46 24 18  
30 56 73 21  
33 49 70 66  
22 46 38 66  
43 49 65 12  
41 49 73 21  
43 49 53 18  
3 31 53 69  
42 51 5 18  
41 55 2 25  
41 46 58 18  
30 25 52 69  
37 46 58 10  
27 56 65 18  
5 46 53 66  